2.0426556025782
2.0518104107149
